##added by ATG for env params
package: "tool_model" 
xacro_dir: /urdf/blank_env.xacro
X: 0.000000
Y: 0.000000
Z: 0.000000
R_: 0.000000
P_: 0.000000
Y_: 0.000000
