##added by ATG for env params
package: "tool_model" 
<<<<<<< HEAD
xacro_dir: /urdf/masking_table.xacro
X: -0.282840
Y: 0.014140
Z: 0.000000
R_: 0.000000
P_: 3.141593
Y_: 3.926991
=======
xacro_dir: /urdf/blank_env.xacro
X: 0.000000
Y: 0.000000
Z: 0.000000
R_: 0.000000
P_: 0.000000
Y_: 0.000000
>>>>>>> 9845d2bd0d7cd3b3d63106eb00234e3d05d9ac86
