##added by ATG for object frame
coupon_file: /home/data/cache/pclmini.ply
X: -0.696590
Y: -0.603540
Z: 0.071520
R_: -0.007854
P_: 0.000000
Y_: -0.792379
