##added by ATG for object frame
coupon_file: /home/data/cache/pclmini.ply
X: -0.373130
Y: -0.327900
Z: 0.075700
R_: 3.131121
P_: -3.133913
Y_: 2.367539
