##added by ATG for object frame
coupon_file: /home/data/cache/pclmini.ply
X: -0.070710
Y: -0.356820
Z: 0.135660
R_: 0.315905
P_: 0.264941
Y_: 1.639737
