##added by ATG for object frame
coupon_file: /home/data/cache/pclmini.ply
X: -0.012910
Y: -0.338940
Z: 0.124980
R_: 0.325329
P_: 0.285710
Y_: 1.545664
