##added by ATG for object frame
coupon_file: /home/data/cache/pclmini.ply
<<<<<<< HEAD
<<<<<<< HEAD
X: -0.696590
Y: -0.303540
Z: 0.171520
R_: -0.007854
P_: 0.000000
Y_: -0.792379
=======
X: -0.373130
Y: -0.327900
Z: 0.075700
R_: 3.131121
P_: -3.133913
Y_: 2.367539
>>>>>>> 9845d2bd0d7cd3b3d63106eb00234e3d05d9ac86
=======
X: -0.070710
Y: -0.356820
Z: 0.135660
R_: 0.315905
P_: 0.264941
Y_: 1.639737
>>>>>>> 07aca541621e5cba057452ac8435109ff36ed434
