##added by ATG for object frame
coupon_file: /home/data/cache/pclmini.ply
X: 0.050080
Y: -0.324270
Z: -0.016860
R_: 0.291470
P_: 0.280474
Y_: 3.136706
