#added by ATG for tcp change in tilt and diameter
package: "tool_model" 
xacro_dir: /urdf/NDT_Tool.xacro
X: 0.00000
Y: 0.00000
Z: 0.18000
R_: 0.0000
P_: 0.0000
Y_: 0.0000
eeX: 0.00000
eeY: 0.00000
eeZ: 0.00000
eeR_: 0.0000
eeP_: 0.0000
eeY_: 0.0000
dia: 0.00000
